66.086670 18.700964 70.919838
94.974579 37.782253 63.624516
33.723526 91.301453 34.582352
22.559481 57.181263 454.605743
55.869972 6.603529 855.186340
11.677500 63.735550 34.126614
56.598980 59.085918 570.616028
34.378727 3.291790 251.200531
92.724281 16.987423 76.105568
10.627570 17.563650 922.604126
20.726988 58.492157 776.675537
58.562721 63.687290 922.846191
27.620708 21.251497 739.290039
24.786436 85.637070 22.777369
81.922165 65.767952 619.980896
1.915690 96.995979 114.031868
53.363079 73.251488 377.502197
67.937202 20.589092 408.741241
71.387390 7.864301 753.108765
49.930096 75.148880 272.786713
72.641617 87.703880 391.778534
62.171909 23.311501 964.029053
43.650860 40.006935 965.637512
46.986023 94.099281 266.428314
86.059189 96.812599 293.414062
41.010918 70.465538 142.781311
72.561554 42.008995 451.947021
87.334007 22.623095 263.634796
91.004616 14.629936 853.459595
9.569775 39.207500 604.815369
13.205250 40.630257 727.405029
49.673309 59.332775 59.271698
17.941118 36.380291 435.594818
4.187624 81.400795 31.770981
97.486084 48.658398 16.913181
25.982824 93.329674 918.669617
7.991245 8.848793 216.642395
10.866616 35.227177 631.885925
10.633679 20.255007 258.861938
69.280571 98.603149 231.430862
65.838371 45.505562 120.075935
11.620972 13.677717 813.881653
90.887611 48.136482 298.543884
62.727909 67.944740 472.964447
11.356604 70.432663 617.701172
70.331131 55.364910 180.764725
11.271827 45.592834 787.505859
61.112000 9.352417 860.719910
11.957924 76.829903 801.969910
70.862083 79.081146 168.018738